mass_A
t	x	y
0.00E+00  3.28E-04	6.51E-01
1.00E-02	1.45E-03	6.44E-01
2.00E-02	1.81E-03	6.37E-01
3.00E-02	2.35E-03	6.29E-01
4.00E-02	3.33E-03	6.19E-01
5.00E-02	4.47E-03	6.09E-01
6.00E-02	5.74E-03	5.97E-01
7.00E-02	7.01E-03	5.85E-01
8.00E-02	8.45E-03	5.72E-01
9.00E-02	9.80E-03	5.58E-01
1.00E-01	1.13E-02	5.43E-01
1.10E-01	1.28E-02	5.27E-01
1.20E-01	1.42E-02	5.10E-01
1.30E-01	1.61E-02	4.92E-01
1.40E-01	1.80E-02	4.73E-01
1.50E-01	1.98E-02	4.55E-01
1.60E-01	2.21E-02	4.35E-01
1.70E-01	2.48E-02	4.14E-01
1.80E-01	2.81E-02	3.92E-01
1.90E-01	3.19E-02	3.70E-01
2.00E-01	3.66E-02	3.47E-01
2.10E-01	4.25E-02	3.24E-01
2.20E-01	4.91E-02	3.01E-01
2.30E-01	5.74E-02	2.77E-01
2.40E-01	6.70E-02	2.54E-01
2.50E-01	7.82E-02	2.30E-01
2.60E-01	9.10E-02	2.08E-01
2.70E-01	1.05E-01	1.86E-01
2.80E-01	1.22E-01	1.65E-01
2.90E-01	1.39E-01	1.45E-01
3.00E-01	1.59E-01	1.27E-01
3.10E-01	1.80E-01	1.10E-01
3.20E-01	2.01E-01	9.56E-02
3.30E-01	2.24E-01	8.27E-02
3.40E-01	2.47E-01	7.20E-02
3.50E-01	2.70E-01	6.30E-02
3.60E-01	2.94E-01	5.57E-02
3.70E-01	3.18E-01	4.99E-02
3.80E-01	3.42E-01	4.55E-02
3.90E-01	3.65E-01	4.30E-02
4.00E-01	3.88E-01	4.07E-02
4.10E-01	4.10E-01	3.83E-02
4.20E-01	4.33E-01	3.71E-02
4.30E-01	4.55E-01	3.64E-02
4.40E-01	4.76E-01	3.61E-02
4.50E-01	4.98E-01	3.60E-02
4.60E-01	5.18E-01	3.61E-02
4.70E-01	5.39E-01	3.64E-02
4.80E-01	5.60E-01	3.73E-02
4.90E-01	5.80E-01	3.78E-02
5.00E-01	6.00E-01	3.67E-02
5.10E-01	6.21E-01	3.64E-02
5.20E-01	6.41E-01	3.63E-02
5.30E-01	6.60E-01	3.62E-02
5.40E-01	6.80E-01	3.61E-02
5.50E-01	7.00E-01	3.61E-02
5.60E-01	7.20E-01	3.61E-02
5.70E-01	7.40E-01	3.59E-02
5.80E-01	7.60E-01	3.65E-02
5.90E-01	7.79E-01	3.72E-02
6.00E-01	7.99E-01	3.58E-02
6.10E-01	8.19E-01	3.57E-02
6.20E-01	8.38E-01	3.56E-02
6.30E-01	8.58E-01	3.56E-02
6.40E-01	8.77E-01	3.55E-02
6.50E-01	8.97E-01	3.57E-02
6.60E-01	9.16E-01	3.56E-02
6.70E-01	9.36E-01	3.56E-02
6.80E-01	9.55E-01	3.57E-02
6.90E-01	9.75E-01	3.61E-02
7.00E-01	9.94E-01	3.58E-02
7.10E-01	1.01E+00	3.56E-02
7.20E-01	1.03E+00	3.57E-02
7.30E-01	1.05E+00	3.57E-02
7.40E-01	1.07E+00	3.58E-02
7.50E-01	1.09E+00	3.58E-02
7.60E-01	1.11E+00	3.58E-02
7.70E-01	1.13E+00	3.58E-02
7.80E-01	1.15E+00	3.56E-02
7.90E-01	1.16E+00	3.54E-02
8.00E-01	1.18E+00	3.50E-02
8.10E-01	1.20E+00	3.40E-02
8.20E-01	1.22E+00	3.30E-02
8.30E-01	1.24E+00	3.22E-02
8.40E-01	1.26E+00	3.16E-02
8.50E-01	1.28E+00	3.09E-02
8.60E-01	1.30E+00	3.01E-02
8.70E-01	1.31E+00	2.95E-02
8.80E-01	1.33E+00	2.88E-02
8.90E-01	1.35E+00	2.83E-02
9.00E-01	1.36E+00	2.85E-02