mass_A
t	x	y
0.000000000E0	7.296764387E-4	6.487087916E-1
1.000000000E-2	1.036291480E-3	6.419928842E-1
2.000000000E-2	1.735815891E-3	6.338060387E-1
3.000000000E-2	2.931878240E-3	6.248784203E-1
4.000000000E-2	4.023426186E-3	6.150705288E-1
5.000000000E-2	4.837447832E-3	6.040500705E-1
6.000000000E-2	6.258174527E-3	5.917975233E-1
7.000000000E-2	7.630003490E-3	5.788887910E-1
8.000000000E-2	8.996289128E-3	5.653602617E-1
9.000000000E-2	1.045459464E-2	5.511240070E-1
1.000000000E-1	1.182447570E-2	5.355303386E-1
1.100000000E-1	1.327724559E-2	5.189620630E-1
1.200000000E-1	1.499307740E-2	5.008582205E-1
1.300000000E-1	1.719133893E-2	4.827823401E-1
1.400000000E-1	1.870041315E-2	4.649199767E-1
1.500000000E-1	2.079103344E-2	4.461352487E-1
1.600000000E-1	2.298191161E-2	4.255724524E-1
1.700000000E-1	2.583249419E-2	4.042830372E-1
1.800000000E-1	2.927045516E-2	3.823429115E-1
1.900000000E-1	3.362452043E-2	3.599638381E-1
2.000000000E-1	3.907816118E-2	3.368923518E-1
2.100000000E-1	4.503094872E-2	3.133382298E-1
2.200000000E-1	5.263273451E-2	2.899735860E-1
2.300000000E-1	6.139271107E-2	2.660949057E-1
2.400000000E-1	7.167040989E-2	2.430260111E-1
2.500000000E-1	8.337953690E-2	2.202708977E-1
2.600000000E-1	9.693826830E-2	1.978344573E-1
2.700000000E-1	1.119681294E-1	1.762711162E-1
2.800000000E-1	1.289209304E-1	1.561434046E-1
2.900000000E-1	1.475036639E-1	1.371469897E-1
3.000000000E-1	1.676487893E-1	1.197056202E-1
3.100000000E-1	1.881655078E-1	1.051391647E-1
3.200000000E-1	2.095703009E-1	9.064605296E-2
3.300000000E-1	2.326419203E-1	7.853968701E-2
3.400000000E-1	2.556781851E-1	6.835162353E-2
3.500000000E-1	2.788746090E-1	6.026258666E-2
3.600000000E-1	3.024814401E-1	5.356378549E-2
3.700000000E-1	3.260317981E-1	4.836634845E-2
3.800000000E-1	3.494013133E-1	4.423948910E-2
3.900000000E-1	3.722441586E-1	4.326100109E-2
4.000000000E-1	3.947927403E-1	3.945745714E-2
4.100000000E-1	4.172154829E-1	3.808459630E-2
4.200000000E-1	4.390791713E-1	3.721357397E-2
4.300000000E-1	4.607661920E-1	3.700509849E-2
4.400000000E-1	4.820936184E-1	3.698066860E-2
4.500000000E-1	5.031370555E-1	3.710477358E-2
4.600000000E-1	5.238816749E-1	3.732452617E-2
4.700000000E-1	5.439131862E-1	3.742326605E-2
4.800000000E-1	5.639802084E-1	3.777008239E-2
4.900000000E-1	5.847267823E-1	3.835562055E-2
5.000000000E-1	6.046912390E-1	3.769784718E-2
5.100000000E-1	6.249853819E-1	3.754426136E-2
5.200000000E-1	6.452340986E-1	3.742726131E-2
5.300000000E-1	6.652889522E-1	3.730815481E-2
5.400000000E-1	6.851541135E-1	3.723722680E-2
5.500000000E-1	7.052721652E-1	3.731531124E-2
5.600000000E-1	7.254384900E-1	3.715792543E-2
5.700000000E-1	7.452635839E-1	3.716948537E-2
5.800000000E-1	7.657422833E-1	3.702582388E-2
5.900000000E-1	7.853667471E-1	3.832904527E-2
6.000000000E-1	8.046592875E-1	3.707006566E-2
6.100000000E-1	8.246196004E-1	3.709610572E-2
6.200000000E-1	8.442784200E-1	3.706614589E-2
6.300000000E-1	8.638555815E-1	3.676250338E-2
6.400000000E-1	8.835390839E-1	3.697146311E-2
6.500000000E-1	9.029628198E-1	3.701096412E-2
6.600000000E-1	9.221775998E-1	3.672507462E-2
6.700000000E-1	9.414101021E-1	3.692036696E-2
6.800000000E-1	9.614020843E-1	3.691089340E-2
6.900000000E-1	9.806221526E-1	3.785615660E-2
7.000000000E-1	9.997119454E-1	3.693669717E-2
7.100000000E-1	1.019039107E0	3.682719912E-2
7.200000000E-1	1.038418505E0	3.689665771E-2
7.300000000E-1	1.057576451E0	3.709927092E-2
7.400000000E-1	1.076793823E0	3.718101236E-2
7.500000000E-1	1.096051969E0	3.699204332E-2
7.600000000E-1	1.115327642E0	3.719204864E-2
7.700000000E-1	1.134037420E0	3.712287755E-2
7.800000000E-1	1.153140619E0	3.636973612E-2
7.900000000E-1	1.172709056E0	3.597051151E-2
8.000000000E-1	1.191395359E0	3.621764320E-2
8.100000000E-1	1.210362309E0	3.463586346E-2
8.200000000E-1	1.229693154E0	3.360076374E-2
8.300000000E-1	1.248612699E0	3.316796156E-2
8.400000000E-1	1.267722617E0	3.217538290E-2
8.500000000E-1	1.286273711E0	3.168588546E-2
8.600000000E-1	1.305204897E0	3.072123477E-2
8.700000000E-1	1.323803591E0	3.008603774E-2
8.800000000E-1	1.342650432E0	2.949222225E-2
8.900000000E-1	1.361654297E0	2.888545969E-2
