mass_A
t	x	y
0.000000000E0	3.952414043E-4	6.537253171E-1
1.000000000E-2	6.089836839E-4	6.478772622E-1
2.000000000E-2	5.860948678E-4	6.410994558E-1
3.000000000E-2	1.685837069E-3	6.327889660E-1
4.000000000E-2	3.311127892E-3	6.234636441E-1
5.000000000E-2	4.494691789E-3	6.129442862E-1
6.000000000E-2	5.774765631E-3	6.012211605E-1
7.000000000E-2	7.386132437E-3	5.890983040E-1
8.000000000E-2	8.851321751E-3	5.761717776E-1
9.000000000E-2	1.015746102E-2	5.622442068E-1
1.000000000E-1	1.141557200E-2	5.475515860E-1
1.100000000E-1	1.270461150E-2	5.318897340E-1
1.200000000E-1	1.392010422E-2	5.144964842E-1
1.300000000E-1	1.550604108E-2	4.963100874E-1
1.400000000E-1	1.683047020E-2	4.779422796E-1
1.500000000E-1	1.814146820E-2	4.592690662E-1
1.600000000E-1	1.977405963E-2	4.392746576E-1
1.700000000E-1	2.216569272E-2	4.182755969E-1
1.800000000E-1	2.515910448E-2	3.969777474E-1
1.900000000E-1	2.878402133E-2	3.747711106E-1
2.000000000E-1	3.358337586E-2	3.516369519E-1
2.100000000E-1	3.933677069E-2	3.284983487E-1
2.200000000E-1	4.603821910E-2	3.050065053E-1
2.300000000E-1	5.414987029E-2	2.816797580E-1
2.400000000E-1	6.344922454E-2	2.580512895E-1
2.500000000E-1	7.449541947E-2	2.348609782E-1
2.600000000E-1	8.705133688E-2	2.122959186E-1
2.700000000E-1	1.017355277E-1	1.904783878E-1
2.800000000E-1	1.176671907E-1	1.695448685E-1
2.900000000E-1	1.350679342E-1	1.497869379E-1
3.000000000E-1	1.541090147E-1	1.313703561E-1
3.100000000E-1	1.750561569E-1	1.151468331E-1
3.200000000E-1	1.960089923E-1	1.004431872E-1
3.300000000E-1	2.179397709E-1	8.656881169E-2
3.400000000E-1	2.410791196E-1	7.557571794E-2
3.500000000E-1	2.641975834E-1	6.655193759E-2
3.600000000E-1	2.877642626E-1	5.865370087E-2
3.700000000E-1	3.110715456E-1	5.270071039E-2
3.800000000E-1	3.345807184E-1	4.770511760E-2
3.900000000E-1	3.577804736E-1	4.391221406E-2
4.000000000E-1	3.809881861E-1	4.379582371E-2
4.100000000E-1	4.028732621E-1	3.953010149E-2
4.200000000E-1	4.255870131E-1	3.778668292E-2
4.300000000E-1	4.475695482E-1	3.710656913E-2
4.400000000E-1	4.693529487E-1	3.693503191E-2
4.500000000E-1	4.907722877E-1	3.680713665E-2
4.600000000E-1	5.119139279E-1	3.689033642E-2
4.700000000E-1	5.325628957E-1	3.699659250E-2
4.800000000E-1	5.529522843E-1	3.702810334E-2
4.900000000E-1	5.730997291E-1	4.000261685E-2
5.000000000E-1	5.933517395E-1	3.765618737E-2
5.100000000E-1	6.140250290E-1	3.705916029E-2
5.200000000E-1	6.342599675E-1	3.684761209E-2
5.300000000E-1	6.542983404E-1	3.670535974E-2
5.400000000E-1	6.745174788E-1	3.673207419E-2
5.500000000E-1	6.945968266E-1	3.663460431E-2
5.600000000E-1	7.149131438E-1	3.680263708E-2
5.700000000E-1	7.347098373E-1	3.672487730E-2
5.800000000E-1	7.549789447E-1	3.659409232E-2
5.900000000E-1	7.743615951E-1	3.860484043E-2
6.000000000E-1	7.941707590E-1	3.673041663E-2
6.100000000E-1	8.141427979E-1	3.611552783E-2
6.200000000E-1	8.339813475E-1	3.588977073E-2
6.300000000E-1	8.538463633E-1	3.579795239E-2
6.400000000E-1	8.735436941E-1	3.562333257E-2
6.500000000E-1	8.930506891E-1	3.559296780E-2
6.600000000E-1	9.126245436E-1	3.560348959E-2
6.700000000E-1	9.318690982E-1	3.565719135E-2
6.800000000E-1	9.517745547E-1	3.570351819E-2
6.900000000E-1	9.710721029E-1	3.596125859E-2
7.000000000E-1	9.914029869E-1	3.600538841E-2
7.100000000E-1	1.010169871E0	3.535003518E-2
7.200000000E-1	1.029432093E0	3.549228988E-2
7.300000000E-1	1.048427655E0	3.557428151E-2
7.400000000E-1	1.067777558E0	3.559484998E-2
7.500000000E-1	1.086984357E0	3.564517450E-2
7.600000000E-1	1.106362370E0	3.564543915E-2
7.700000000E-1	1.125219967E0	3.555849947E-2
7.800000000E-1	1.144252146E0	3.556037108E-2
7.900000000E-1	1.163671840E0	3.474214179E-2
8.000000000E-1	1.181405882E0	3.619687203E-2
8.100000000E-1	1.201909531E0	3.358617825E-2
8.200000000E-1	1.220491224E0	3.290046626E-2
8.300000000E-1	1.239423675E0	3.202668679E-2
8.400000000E-1	1.257990185E0	3.146913226E-2
8.500000000E-1	1.276651366E0	3.058816543E-2
8.600000000E-1	1.295224697E0	3.005348530E-2
8.700000000E-1	1.314158124E0	2.923308451E-2
8.800000000E-1	1.332845870E0	2.881478721E-2
8.900000000E-1	1.351762150E0	2.851970611E-2
9.000000000E-1	1.371461949E0	2.825538711E-2
