mass_A
t	x	y
0.000000000E0	1.064111473E-3	6.654305433E-1
1.000000000E-2	1.096612411E-3	6.632042328E-1
2.000000000E-2	1.245083631E-3	6.590252146E-1
3.000000000E-2	1.102118506E-3	6.524730562E-1
4.000000000E-2	-6.325129590E-5	6.465297467E-1
5.000000000E-2	-6.516231880E-4	6.390466614E-1
6.000000000E-2	5.506926252E-5	6.317029577E-1
7.000000000E-2	2.026997772E-3	6.227284930E-1
8.000000000E-2	3.722068707E-3	6.128886933E-1
9.000000000E-2	5.416522212E-3	6.019614719E-1
1.000000000E-1	7.324995857E-3	5.901939875E-1
1.100000000E-1	9.000190971E-3	5.779065380E-1
1.200000000E-1	1.077786625E-2	5.643146635E-1
1.300000000E-1	1.238192637E-2	5.504231473E-1
1.400000000E-1	1.405356864E-2	5.348695032E-1
1.500000000E-1	1.572334921E-2	5.180996570E-1
1.600000000E-1	1.734320823E-2	5.002863870E-1
1.700000000E-1	1.926458126E-2	4.822934291E-1
1.800000000E-1	2.071162815E-2	4.642389619E-1
1.900000000E-1	2.236694017E-2	4.452611830E-1
2.000000000E-1	2.384863493E-2	4.240045284E-1
2.100000000E-1	2.598458719E-2	4.028858636E-1
2.200000000E-1	2.890584332E-2	3.809642957E-1
2.300000000E-1	3.298830276E-2	3.580073762E-1
2.400000000E-1	3.788494015E-2	3.349586574E-1
2.500000000E-1	4.400706189E-2	3.113935473E-1
2.600000000E-1	5.137609005E-2	2.879315122E-1
2.700000000E-1	6.021122067E-2	2.640824755E-1
2.800000000E-1	7.045338060E-2	2.408940552E-1
2.900000000E-1	8.225921022E-2	2.183631668E-1
3.000000000E-1	9.575244602E-2	1.960611447E-1
3.100000000E-1	1.107416079E-1	1.748325707E-1
3.200000000E-1	1.278583135E-1	1.544714167E-1
3.300000000E-1	1.469957897E-1	1.355395423E-1
3.400000000E-1	1.685038399E-1	1.181022517E-1
3.500000000E-1	1.893138061E-1	1.034844418E-1
3.600000000E-1	2.112927062E-1	8.933840633E-2
3.700000000E-1	2.350269740E-1	7.731775935E-2
3.800000000E-1	2.586451964E-1	6.746922893E-2
3.900000000E-1	2.824945553E-1	5.951729118E-2
4.000000000E-1	3.060314151E-1	5.296953988E-2
4.100000000E-1	3.293971924E-1	4.808470790E-2
4.200000000E-1	3.528920361E-1	4.450984568E-2
4.300000000E-1	3.766760469E-1	4.390404745E-2
4.400000000E-1	3.988325136E-1	3.980947247E-2
4.500000000E-1	4.217376582E-1	3.823273620E-2
4.600000000E-1	4.436213978E-1	3.726093637E-2
4.700000000E-1	4.651941411E-1	3.661859162E-2
4.800000000E-1	4.865486790E-1	3.634720479E-2
4.900000000E-1	5.078688002E-1	3.644046793E-2
5.000000000E-1	5.288083495E-1	3.665182022E-2
5.100000000E-1	5.497421588E-1	3.675435801E-2
5.200000000E-1	5.699006030E-1	3.898584918E-2
5.300000000E-1	5.897631591E-1	3.705217090E-2
5.400000000E-1	6.098760849E-1	3.668974670E-2
5.500000000E-1	6.299453833E-1	3.650299879E-2
5.600000000E-1	6.499502208E-1	3.637274898E-2
5.700000000E-1	6.701015939E-1	3.631504991E-2
5.800000000E-1	6.899612709E-1	3.625356449E-2
5.900000000E-1	7.098314718E-1	3.626934418E-2
6.000000000E-1	7.295211689E-1	3.618915537E-2
6.100000000E-1	7.492077894E-1	3.635660993E-2
6.200000000E-1	7.689530726E-1	3.695538256E-2
6.300000000E-1	7.890820733E-1	3.662733806E-2
6.400000000E-1	8.084641066E-1	3.610960514E-2
6.500000000E-1	8.283851073E-1	3.619527967E-2
6.600000000E-1	8.477906642E-1	3.614847637E-2
6.700000000E-1	8.676286457E-1	3.608278380E-2
6.800000000E-1	8.871935966E-1	3.630594720E-2
6.900000000E-1	9.067050256E-1	3.637636647E-2
7.000000000E-1	9.262183097E-1	3.648354842E-2
7.100000000E-1	9.459202466E-1	3.652425190E-2
7.200000000E-1	9.655183271E-1	3.625402644E-2
7.300000000E-1	9.843454925E-1	3.739065511E-2
7.400000000E-1	1.004147173E0	3.649502775E-2
7.500000000E-1	1.023624826E0	3.638035731E-2
7.600000000E-1	1.042851696E0	3.652551908E-2
7.700000000E-1	1.061987529E0	3.656886429E-2
7.800000000E-1	1.081364654E0	3.660316742E-2
7.900000000E-1	1.100671023E0	3.662938577E-2
8.000000000E-1	1.119374713E0	3.672359698E-2
8.100000000E-1	1.138304791E0	3.653517418E-2
8.200000000E-1	1.157146168E0	3.626396287E-2
8.300000000E-1	1.175722628E0	3.609532762E-2
8.400000000E-1	1.194540447E0	3.543034509E-2
8.500000000E-1	1.213626001E0	3.434995933E-2
8.600000000E-1	1.232194862E0	3.377978879E-2
8.700000000E-1	1.251386945E0	3.287650941E-2
8.800000000E-1	1.269760102E0	3.251676363E-2
8.900000000E-1	1.288203917E0	3.155548568E-2
9.000000000E-1	1.306766501E0	3.115715199E-2
9.100000000E-1	1.325703476E0	3.038769517E-2
9.200000000E-1	1.344236823E0	2.956903015E-2
9.300000000E-1	1.363893784E0	2.885622408E-2
