mass_A
t	x	y
0.000000000E0	6.080636990E-5	6.537253171E-1
1.000000000E-2	3.308477653E-4	6.472236960E-1
2.000000000E-2	1.307378977E-3	6.395877040E-1
3.000000000E-2	2.984876522E-3	6.307211979E-1
4.000000000E-2	4.005348745E-3	6.207431723E-1
5.000000000E-2	5.255474320E-3	6.093177735E-1
6.000000000E-2	6.851634050E-3	5.975199334E-1
7.000000000E-2	8.061056056E-3	5.849286891E-1
8.000000000E-2	9.281578865E-3	5.715348811E-1
9.000000000E-2	1.055053482E-2	5.572846284E-1
1.000000000E-1	1.182924467E-2	5.422687989E-1
1.100000000E-1	1.298582429E-2	5.256690407E-1
1.200000000E-1	1.471990939E-2	5.076045740E-1
1.300000000E-1	1.712883217E-2	4.894099018E-1
1.400000000E-1	1.877995321E-2	4.716588256E-1
1.500000000E-1	2.059197588E-2	4.529977646E-1
1.600000000E-1	2.237479480E-2	4.323150703E-1
1.700000000E-1	2.521922061E-2	4.110841932E-1
1.800000000E-1	2.818319750E-2	3.892192683E-1
1.900000000E-1	3.195914301E-2	3.663159539E-1
2.000000000E-1	3.717974220E-2	3.433100058E-1
2.100000000E-1	4.286032497E-2	3.196899774E-1
2.200000000E-1	4.977988396E-2	2.958195415E-1
2.300000000E-1	5.867730776E-2	2.721961603E-1
2.400000000E-1	6.846295024E-2	2.485786227E-1
2.500000000E-1	8.017624764E-2	2.254692749E-1
2.600000000E-1	9.332975825E-2	2.029577457E-1
2.700000000E-1	1.082920789E-1	1.812451513E-1
2.800000000E-1	1.247698486E-1	1.604788600E-1
2.900000000E-1	1.430618711E-1	1.410430998E-1
3.000000000E-1	1.630187602E-1	1.229664646E-1
3.100000000E-1	1.837862683E-1	1.071413265E-1
3.200000000E-1	2.052164880E-1	9.296536979E-2
3.300000000E-1	2.282990618E-1	8.060144317E-2
3.400000000E-1	2.515855889E-1	7.064904343E-2
3.500000000E-1	2.749258951E-1	6.228511788E-2
3.600000000E-1	2.985160835E-1	5.536852878E-2
3.700000000E-1	3.222272060E-1	5.014582429E-2
3.800000000E-1	3.456924278E-1	4.620896124E-2
3.900000000E-1	3.690289453E-1	4.501155576E-2
4.000000000E-1	3.919288689E-1	4.103273620E-2
4.100000000E-1	4.144226971E-1	3.961771766E-2
4.200000000E-1	4.365584998E-1	3.857249200E-2
4.300000000E-1	4.579845690E-1	3.812380184E-2
4.400000000E-1	4.793989214E-1	3.799882321E-2
4.500000000E-1	5.007220886E-1	3.803749434E-2
4.600000000E-1	5.218009600E-1	3.820712782E-2
4.700000000E-1	5.421442324E-1	3.844475394E-2
4.800000000E-1	5.621844469E-1	3.882506840E-2
4.900000000E-1	5.829250967E-1	4.064366861E-2
5.000000000E-1	6.032038139E-1	3.854460757E-2
5.100000000E-1	6.241740307E-1	3.832518818E-2
5.200000000E-1	6.446692675E-1	3.822652758E-2
5.300000000E-1	6.649850461E-1	3.820917279E-2
5.400000000E-1	6.849192343E-1	3.815940372E-2
5.500000000E-1	7.051472185E-1	3.792862972E-2
5.600000000E-1	7.252099024E-1	3.806154949E-2
5.700000000E-1	7.456386457E-1	3.781401037E-2
5.800000000E-1	7.660100987E-1	3.836806326E-2
5.900000000E-1	7.863212839E-1	3.952980477E-2
6.000000000E-1	8.057432374E-1	3.794414404E-2
6.100000000E-1	8.256681783E-1	3.769940686E-2
6.200000000E-1	8.456381153E-1	3.788025294E-2
6.300000000E-1	8.656228922E-1	3.749587798E-2
6.400000000E-1	8.856235017E-1	3.729436557E-2
6.500000000E-1	9.053926140E-1	3.736825080E-2
6.600000000E-1	9.247926536E-1	3.736556157E-2
6.700000000E-1	9.443913318E-1	3.723348248E-2
6.800000000E-1	9.643350727E-1	3.709554175E-2
6.900000000E-1	9.833115992E-1	3.998043961E-2
7.000000000E-1	1.003386674E0	3.709652690E-2
7.100000000E-1	1.023042272E0	3.708132422E-2
7.200000000E-1	1.042290036E0	3.716129420E-2
7.300000000E-1	1.061250431E0	3.718577211E-2
7.400000000E-1	1.080794541E0	3.728842280E-2
7.500000000E-1	1.100106515E0	3.712377043E-2
7.600000000E-1	1.119581975E0	3.692966936E-2
7.700000000E-1	1.139021942E0	3.677392809E-2
7.800000000E-1	1.158203851E0	3.644933226E-2
7.900000000E-1	1.175876100E0	3.725507628E-2
8.000000000E-1	1.195804051E0	3.639087734E-2
8.100000000E-1	1.214897551E0	3.496363565E-2
8.200000000E-1	1.233991991E0	3.414888050E-2
8.300000000E-1	1.253222447E0	3.319540353E-2
8.400000000E-1	1.271979637E0	3.268508130E-2
8.500000000E-1	1.290916670E0	3.195660363E-2
8.600000000E-1	1.309526881E0	3.141792844E-2
8.700000000E-1	1.328551404E0	3.059089871E-2
8.800000000E-1	1.347514578E0	2.989386483E-2
8.900000000E-1	1.367139679E0	2.925056139E-2
