mass_A
t	x	y
0.000000000E0	3.952414043E-4	6.553974923E-1
1.000000000E-2	1.278087508E-3	6.500060403E-1
2.000000000E-2	2.006189111E-3	6.436424723E-1
3.000000000E-2	2.841129979E-3	6.356972943E-1
4.000000000E-2	3.123189244E-3	6.270126822E-1
5.000000000E-2	4.513125200E-3	6.179589743E-1
6.000000000E-2	5.710914180E-3	6.073042899E-1
7.000000000E-2	7.057516829E-3	5.956968237E-1
8.000000000E-2	8.282397316E-3	5.830913327E-1
9.000000000E-2	9.774310639E-3	5.697923540E-1
1.000000000E-1	1.108301176E-2	5.558314934E-1
1.100000000E-1	1.248009793E-2	5.410477497E-1
1.200000000E-1	1.403695635E-2	5.252098865E-1
1.300000000E-1	1.548882594E-2	5.073030720E-1
1.400000000E-1	1.735804857E-2	4.893692943E-1
1.500000000E-1	1.926944394E-2	4.712816721E-1
1.600000000E-1	2.086511946E-2	4.530656594E-1
1.700000000E-1	2.298589768E-2	4.329960884E-1
1.800000000E-1	2.566107653E-2	4.119021796E-1
1.900000000E-1	2.873419417E-2	3.900877730E-1
2.000000000E-1	3.243823337E-2	3.674876173E-1
2.100000000E-1	3.719672388E-2	3.447098316E-1
2.200000000E-1	4.289265056E-2	3.210699873E-1
2.300000000E-1	4.984315751E-2	2.971329435E-1
2.400000000E-1	5.810152870E-2	2.731588836E-1
2.500000000E-1	6.806230548E-2	2.498467692E-1
2.600000000E-1	7.922327549E-2	2.263804532E-1
2.700000000E-1	9.237977215E-2	2.034337650E-1
2.800000000E-1	1.072407893E-1	1.816090360E-1
2.900000000E-1	1.243090303E-1	1.604550369E-1
3.000000000E-1	1.429245221E-1	1.409192564E-1
3.100000000E-1	1.635954905E-1	1.226399779E-1
3.200000000E-1	1.849485170E-1	1.067099693E-1
3.300000000E-1	2.067098100E-1	9.215484812E-2
3.400000000E-1	2.305475915E-1	7.973915410E-2
3.500000000E-1	2.542802172E-1	6.950083218E-2
3.600000000E-1	2.782139798E-1	6.118903631E-2
3.700000000E-1	3.023013024E-1	5.449450681E-2
3.800000000E-1	3.264240776E-1	4.919427464E-2
3.900000000E-1	3.500788207E-1	4.515087232E-2
4.000000000E-1	3.739883246E-1	4.351573279E-2
4.100000000E-1	3.967776178E-1	4.006727929E-2
4.200000000E-1	4.202320909E-1	3.842408830E-2
4.300000000E-1	4.429323623E-1	3.741333368E-2
4.400000000E-1	4.651128040E-1	3.704587856E-2
4.500000000E-1	4.869258019E-1	3.697040260E-2
4.600000000E-1	5.084494561E-1	3.693391607E-2
4.700000000E-1	5.297688276E-1	3.715644984E-2
4.800000000E-1	5.511817602E-1	3.732220239E-2
4.900000000E-1	5.722185274E-1	3.879375001E-2
5.000000000E-1	5.925994183E-1	3.768802115E-2
5.100000000E-1	6.131323967E-1	3.728013839E-2
5.200000000E-1	6.332244062E-1	3.715858285E-2
5.300000000E-1	6.527413436E-1	3.708784393E-2
5.400000000E-1	6.724772307E-1	3.692481432E-2
5.500000000E-1	6.921890227E-1	3.700601351E-2
5.600000000E-1	7.120669210E-1	3.714198653E-2
5.700000000E-1	7.312897757E-1	3.715415840E-2
5.800000000E-1	7.508768770E-1	3.704532881E-2
5.900000000E-1	7.700531033E-1	3.716947307E-2
6.000000000E-1	7.895231866E-1	3.719546648E-2
6.100000000E-1	8.087644899E-1	3.681068758E-2
6.200000000E-1	8.283241007E-1	3.690304277E-2
6.300000000E-1	8.476045911E-1	3.710526500E-2
6.400000000E-1	8.666621052E-1	3.673939261E-2
6.500000000E-1	8.858955550E-1	3.705356556E-2
6.600000000E-1	9.049020463E-1	3.700946064E-2
6.700000000E-1	9.240801177E-1	3.717316973E-2
6.800000000E-1	9.432387051E-1	3.722314961E-2
6.900000000E-1	9.623901137E-1	3.726401224E-2
7.000000000E-1	9.812295405E-1	3.762735656E-2
7.100000000E-1	9.997759623E-1	3.695342169E-2
7.200000000E-1	1.018590146E0	3.701408938E-2
7.300000000E-1	1.037394704E0	3.709526085E-2
7.400000000E-1	1.056374349E0	3.726413998E-2
7.500000000E-1	1.074927455E0	3.733073001E-2
7.600000000E-1	1.093587256E0	3.731779946E-2
7.700000000E-1	1.112143382E0	3.724656774E-2
7.800000000E-1	1.130616628E0	3.715780739E-2
7.900000000E-1	1.148815589E0	3.689658157E-2
8.000000000E-1	1.168067408E0	3.623013631E-2
8.100000000E-1	1.186334778E0	3.626165899E-2
8.200000000E-1	1.205583287E0	3.493926648E-2
8.300000000E-1	1.223834013E0	3.429544237E-2
8.400000000E-1	1.242608304E0	3.343533639E-2
8.500000000E-1	1.260705799E0	3.286151749E-2
8.600000000E-1	1.279317204E0	3.211690103E-2
8.700000000E-1	1.297473906E0	3.161051016E-2
8.800000000E-1	1.316340976E0	3.085773238E-2
8.900000000E-1	1.334837779E0	3.049355987E-2
9.000000000E-1	1.353553123E0	2.985540945E-2
9.100000000E-1	1.373139188E0	2.944787799E-2
