mass_A
t	x	y
0.000000000E0	3.952414043E-4	6.460333113E-1
1.000000000E-2	4.958012307E-4	6.388320244E-1
2.000000000E-2	1.397760041E-3	6.301294526E-1
3.000000000E-2	2.026344376E-3	6.207813912E-1
4.000000000E-2	3.226834811E-3	6.101810840E-1
5.000000000E-2	4.346574238E-3	5.986983548E-1
6.000000000E-2	5.714042806E-3	5.863648782E-1
7.000000000E-2	7.227457227E-3	5.730683725E-1
8.000000000E-2	8.428962087E-3	5.589940433E-1
9.000000000E-2	9.871715654E-3	5.444247459E-1
1.000000000E-1	1.122108987E-2	5.285648583E-1
1.100000000E-1	1.290037472E-2	5.106816068E-1
1.200000000E-1	1.416327869E-2	4.933129423E-1
1.300000000E-1	1.626486349E-2	4.749595643E-1
1.400000000E-1	1.799891515E-2	4.563917262E-1
1.500000000E-1	2.020074801E-2	4.366036093E-1
1.600000000E-1	2.319560354E-2	4.157309336E-1
1.700000000E-1	2.652416810E-2	3.944608010E-1
1.800000000E-1	3.033704857E-2	3.718506897E-1
1.900000000E-1	3.514422713E-2	3.492919930E-1
2.000000000E-1	4.102436078E-2	3.260497287E-1
2.100000000E-1	4.805640404E-2	3.032175916E-1
2.200000000E-1	5.617793917E-2	2.797319525E-1
2.300000000E-1	6.587768497E-2	2.563198688E-1
2.400000000E-1	7.673337480E-2	2.330789888E-1
2.500000000E-1	8.958225347E-2	2.102470052E-1
2.600000000E-1	1.038501017E-1	1.881697032E-1
2.700000000E-1	1.195932006E-1	1.672416172E-1
2.800000000E-1	1.371489156E-1	1.474151515E-1
2.900000000E-1	1.562536053E-1	1.291084226E-1
3.000000000E-1	1.770117477E-1	1.124527199E-1
3.100000000E-1	1.981411249E-1	9.810866983E-2
3.200000000E-1	2.199642471E-1	8.485751021E-2
3.300000000E-1	2.428696553E-1	7.419647204E-2
3.400000000E-1	2.657638099E-1	6.533993558E-2
3.500000000E-1	2.890074581E-1	5.751915935E-2
3.600000000E-1	3.125728256E-1	5.150650157E-2
3.700000000E-1	3.361417020E-1	4.680271746E-2
3.800000000E-1	3.594485634E-1	4.294906241E-2
3.900000000E-1	3.821435545E-1	4.283579218E-2
4.000000000E-1	4.038841467E-1	3.882974657E-2
4.100000000E-1	4.264275302E-1	3.734916092E-2
4.200000000E-1	4.484631562E-1	3.640690254E-2
4.300000000E-1	4.701098312E-1	3.599107939E-2
4.400000000E-1	4.914668372E-1	3.589837525E-2
4.500000000E-1	5.125324572E-1	3.586859720E-2
4.600000000E-1	5.328241660E-1	3.609153575E-2
4.700000000E-1	5.530579685E-1	3.609015947E-2
4.800000000E-1	5.738995141E-1	4.003527774E-2
4.900000000E-1	5.937909448E-1	3.627445344E-2
5.000000000E-1	6.144307631E-1	3.637799088E-2
5.100000000E-1	6.344268036E-1	3.613120805E-2
5.200000000E-1	6.542525221E-1	3.573460967E-2
5.300000000E-1	6.741599849E-1	3.566191631E-2
5.400000000E-1	6.944036415E-1	3.547793577E-2
5.500000000E-1	7.146249549E-1	3.561367608E-2
5.600000000E-1	7.345948863E-1	3.557627914E-2
5.700000000E-1	7.548137666E-1	3.541736403E-2
5.800000000E-1	7.745488491E-1	3.832965036E-2
5.900000000E-1	7.937717681E-1	3.573440337E-2
6.000000000E-1	8.137439055E-1	3.503988985E-2
6.100000000E-1	8.336726015E-1	3.503078690E-2
6.200000000E-1	8.535583941E-1	3.480703477E-2
6.300000000E-1	8.731408559E-1	3.473764650E-2
6.400000000E-1	8.926171255E-1	3.458089397E-2
6.500000000E-1	9.117960614E-1	3.470295643E-2
6.600000000E-1	9.310235336E-1	3.443040891E-2
6.700000000E-1	9.511131880E-1	3.454226545E-2
6.800000000E-1	9.703424062E-1	3.482223008E-2
6.900000000E-1	9.900360776E-1	3.551088154E-2
7.000000000E-1	1.009139055E0	3.448319902E-2
7.100000000E-1	1.028253157E0	3.467177283E-2
7.200000000E-1	1.047003979E0	3.463263774E-2
7.300000000E-1	1.065759221E0	3.459406579E-2
7.400000000E-1	1.084973346E0	3.459495923E-2
7.500000000E-1	1.104175788E0	3.465620427E-2
7.600000000E-1	1.122848724E0	3.459297332E-2
7.700000000E-1	1.141858873E0	3.449572783E-2
7.800000000E-1	1.160762528E0	3.394124510E-2
7.900000000E-1	1.178658868E0	3.513148553E-2
8.000000000E-1	1.198444494E0	3.326932902E-2
8.100000000E-1	1.217372938E0	3.218729175E-2
8.200000000E-1	1.236371810E0	3.166762437E-2
8.300000000E-1	1.255203133E0	3.076485328E-2
8.400000000E-1	1.273738046E0	3.035947178E-2
8.500000000E-1	1.292478338E0	2.940755915E-2
8.600000000E-1	1.311013201E0	2.883922624E-2
8.700000000E-1	1.329987088E0	2.815605398E-2
8.800000000E-1	1.348874860E0	2.743716609E-2
8.900000000E-1	1.368056506E0	2.673763310E-2
