mass_A
t	x	y
0.000000000E0	3.952414043E-4	6.493776617E-1
1.000000000E-2	8.351123656E-4	6.431823508E-1
2.000000000E-2	7.248324048E-4	6.358373547E-1
3.000000000E-2	1.333666504E-3	6.268047158E-1
4.000000000E-2	2.560366010E-3	6.170054233E-1
5.000000000E-2	3.551606303E-3	6.064192818E-1
6.000000000E-2	4.769768396E-3	5.946827437E-1
7.000000000E-2	6.091418830E-3	5.817347489E-1
8.000000000E-2	7.954018232E-3	5.680515957E-1
9.000000000E-2	9.557023023E-3	5.539493879E-1
1.000000000E-1	1.134835249E-2	5.386073016E-1
1.100000000E-1	1.280356287E-2	5.223916924E-1
1.200000000E-1	1.427415662E-2	5.043753719E-1
1.300000000E-1	1.637598936E-2	4.865133899E-1
1.400000000E-1	1.814984983E-2	4.684107640E-1
1.500000000E-1	2.038050041E-2	4.499798829E-1
1.600000000E-1	2.258574856E-2	4.298882897E-1
1.700000000E-1	2.546408751E-2	4.089076372E-1
1.800000000E-1	2.881633367E-2	3.868846511E-1
1.900000000E-1	3.271910395E-2	3.644244177E-1
2.000000000E-1	3.763380384E-2	3.414799341E-1
2.100000000E-1	4.345211204E-2	3.176879064E-1
2.200000000E-1	5.029085798E-2	2.940097753E-1
2.300000000E-1	5.896928101E-2	2.705330359E-1
2.400000000E-1	6.885785481E-2	2.467785545E-1
2.500000000E-1	8.041701852E-2	2.235971148E-1
2.600000000E-1	9.369048810E-2	2.009613425E-1
2.700000000E-1	1.083017531E-1	1.785689602E-1
2.800000000E-1	1.250152900E-1	1.580106944E-1
2.900000000E-1	1.434898171E-1	1.385539705E-1
3.000000000E-1	1.635607684E-1	1.205045933E-1
3.100000000E-1	1.847364261E-1	1.046944299E-1
3.200000000E-1	2.063285464E-1	9.049492895E-2
3.300000000E-1	2.293936114E-1	7.798802434E-2
3.400000000E-1	2.527334295E-1	6.786551353E-2
3.500000000E-1	2.763953395E-1	5.943631086E-2
3.600000000E-1	3.001616740E-1	5.249149645E-2
3.700000000E-1	3.240902717E-1	4.715493431E-2
3.800000000E-1	3.476952216E-1	4.322799129E-2
3.900000000E-1	3.708807986E-1	4.175285288E-2
4.000000000E-1	3.933615220E-1	3.841157798E-2
4.100000000E-1	4.156292538E-1	3.668049010E-2
4.200000000E-1	4.378560733E-1	3.587633577E-2
4.300000000E-1	4.595009818E-1	3.524862905E-2
4.400000000E-1	4.811474294E-1	3.527362286E-2
4.500000000E-1	5.021827954E-1	3.531146915E-2
4.600000000E-1	5.227501745E-1	3.552900268E-2
4.700000000E-1	5.424002362E-1	3.550612712E-2
4.800000000E-1	5.627328345E-1	3.565311716E-2
4.900000000E-1	5.834381337E-1	3.689576004E-2
5.000000000E-1	6.026444040E-1	3.555705603E-2
5.100000000E-1	6.228268975E-1	3.537820179E-2
5.200000000E-1	6.425163039E-1	3.530875250E-2
5.300000000E-1	6.621958610E-1	3.519923514E-2
5.400000000E-1	6.817477283E-1	3.500947407E-2
5.500000000E-1	7.014118304E-1	3.503005661E-2
5.600000000E-1	7.214070555E-1	3.480058454E-2
5.700000000E-1	7.413338605E-1	3.435005690E-2
5.800000000E-1	7.611973271E-1	3.428411514E-2
5.900000000E-1	7.802265088E-1	3.824352461E-2
6.000000000E-1	7.998108042E-1	3.394220860E-2
6.100000000E-1	8.195482834E-1	3.403586510E-2
6.200000000E-1	8.391286809E-1	3.387568868E-2
6.300000000E-1	8.589193969E-1	3.379530629E-2
6.400000000E-1	8.783259427E-1	3.365242238E-2
6.500000000E-1	8.977244545E-1	3.368651474E-2
6.600000000E-1	9.168353104E-1	3.362089551E-2
6.700000000E-1	9.358270198E-1	3.360780048E-2
6.800000000E-1	9.553883063E-1	3.362195532E-2
6.900000000E-1	9.741239887E-1	3.435438599E-2
7.000000000E-1	9.941736238E-1	3.382232220E-2
7.100000000E-1	1.013057633E0	3.356451778E-2
7.200000000E-1	1.031703156E0	3.377128094E-2
7.300000000E-1	1.050480963E0	3.367597393E-2
7.400000000E-1	1.069434864E0	3.391942871E-2
7.500000000E-1	1.088312335E0	3.395490452E-2
7.600000000E-1	1.107245508E0	3.385117632E-2
7.700000000E-1	1.126120679E0	3.389299928E-2
7.800000000E-1	1.144905031E0	3.412757403E-2
7.900000000E-1	1.163760406E0	3.327377573E-2
8.000000000E-1	1.180468572E0	3.411911766E-2
8.100000000E-1	1.200299363E0	3.268439940E-2
8.200000000E-1	1.219450910E0	3.143873942E-2
8.300000000E-1	1.238254488E0	3.032624374E-2
8.400000000E-1	1.256531628E0	2.996266651E-2
8.500000000E-1	1.275096140E0	2.930136147E-2
8.600000000E-1	1.293413691E0	2.844349840E-2
8.700000000E-1	1.311988121E0	2.762841116E-2
8.800000000E-1	1.330399163E0	2.718916751E-2
8.900000000E-1	1.349117346E0	2.652664497E-2
9.000000000E-1	1.367884755E0	2.617162824E-2
