mass_A
t	x	y
0.000000000E0	6.080636990E-5	6.533908821E-1
1.000000000E-2	-2.347940211E-4	6.477029389E-1
2.000000000E-2	7.386467085E-4	6.409334956E-1
3.000000000E-2	2.651287908E-3	6.325126932E-1
4.000000000E-2	3.282138164E-3	6.228871948E-1
5.000000000E-2	4.670470867E-3	6.125550008E-1
6.000000000E-2	5.744012847E-3	6.012521038E-1
7.000000000E-2	6.907749547E-3	5.890813820E-1
8.000000000E-2	8.298393197E-3	5.758819851E-1
9.000000000E-2	9.795175651E-3	5.620453722E-1
1.000000000E-1	1.126413017E-2	5.475523278E-1
1.100000000E-1	1.272269385E-2	5.316508423E-1
1.200000000E-1	1.403754624E-2	5.144407497E-1
1.300000000E-1	1.593434348E-2	4.966056748E-1
1.400000000E-1	1.780156741E-2	4.785532413E-1
1.500000000E-1	1.886997926E-2	4.600023138E-1
1.600000000E-1	2.128338722E-2	4.405244928E-1
1.700000000E-1	2.331203474E-2	4.193975963E-1
1.800000000E-1	2.610838609E-2	3.978046272E-1
1.900000000E-1	2.937825803E-2	3.755224677E-1
2.000000000E-1	3.392408910E-2	3.523964323E-1
2.100000000E-1	3.916538844E-2	3.288022601E-1
2.200000000E-1	4.629988575E-2	3.056221757E-1
2.300000000E-1	5.416388991E-2	2.815254499E-1
2.400000000E-1	6.366330645E-2	2.584850873E-1
2.500000000E-1	7.441981995E-2	2.347736273E-1
2.600000000E-1	8.708445342E-2	2.118229443E-1
2.700000000E-1	1.014725366E-1	1.900567207E-1
2.800000000E-1	1.171058808E-1	1.689747697E-1
2.900000000E-1	1.342128444E-1	1.491652125E-1
3.000000000E-1	1.529959129E-1	1.303948307E-1
3.100000000E-1	1.737278639E-1	1.141408138E-1
3.200000000E-1	1.946570521E-1	9.983279714E-2
3.300000000E-1	2.167224442E-1	8.555242502E-2
3.400000000E-1	2.400453886E-1	7.410684630E-2
3.500000000E-1	2.632855932E-1	6.470489270E-2
3.600000000E-1	2.864714723E-1	5.755171788E-2
3.700000000E-1	3.100428381E-1	5.136818907E-2
3.800000000E-1	3.333638399E-1	4.658720606E-2
3.900000000E-1	3.565426624E-1	4.314980416E-2
4.000000000E-1	3.798154996E-1	4.240795932E-2
4.100000000E-1	4.018501679E-1	3.898503971E-2
4.200000000E-1	4.243470806E-1	3.749295917E-2
4.300000000E-1	4.457645468E-1	3.684525180E-2
4.400000000E-1	4.669442725E-1	3.647970260E-2
4.500000000E-1	4.881918307E-1	3.639624891E-2
4.600000000E-1	5.096078328E-1	3.665816600E-2
4.700000000E-1	5.305296147E-1	3.680030342E-2
4.800000000E-1	5.514277153E-1	3.697386156E-2
4.900000000E-1	5.715087286E-1	3.858227707E-2
5.000000000E-1	5.916189363E-1	3.752956211E-2
5.100000000E-1	6.125847732E-1	3.711196897E-2
5.200000000E-1	6.331296027E-1	3.699478095E-2
5.300000000E-1	6.538106884E-1	3.664021936E-2
5.400000000E-1	6.743354180E-1	3.654596344E-2
5.500000000E-1	6.945370944E-1	3.655481203E-2
5.600000000E-1	7.146213976E-1	3.649415301E-2
5.700000000E-1	7.347160409E-1	3.644202773E-2
5.800000000E-1	7.554527355E-1	3.642150009E-2
5.900000000E-1	7.757650664E-1	3.791302294E-2
6.000000000E-1	7.957240473E-1	3.635886645E-2
6.100000000E-1	8.159280705E-1	3.630001429E-2
6.200000000E-1	8.359158374E-1	3.630603051E-2
6.300000000E-1	8.558473908E-1	3.630723187E-2
6.400000000E-1	8.760181419E-1	3.639965598E-2
6.500000000E-1	8.961684553E-1	3.638622635E-2
6.600000000E-1	9.162647072E-1	3.633964751E-2
6.700000000E-1	9.361494137E-1	3.659363932E-2
6.800000000E-1	9.558688354E-1	3.656147380E-2
6.900000000E-1	9.752861246E-1	3.694881511E-2
7.000000000E-1	9.945838985E-1	3.661336017E-2
7.100000000E-1	1.014485399E0	3.641888405E-2
7.200000000E-1	1.034281687E0	3.637307199E-2
7.300000000E-1	1.053994548E0	3.653336126E-2
7.400000000E-1	1.073106517E0	3.661613871E-2
7.500000000E-1	1.092451877E0	3.658296369E-2
7.600000000E-1	1.111856826E0	3.655563005E-2
7.700000000E-1	1.131084111E0	3.655592899E-2
7.800000000E-1	1.150761152E0	3.597619262E-2
7.900000000E-1	1.170365130E0	3.519200815E-2
8.000000000E-1	1.189168611E0	3.544981907E-2
8.100000000E-1	1.208304523E0	3.411686216E-2
8.200000000E-1	1.227277089E0	3.359141110E-2
8.300000000E-1	1.246692088E0	3.283461951E-2
8.400000000E-1	1.265611601E0	3.213586103E-2
8.500000000E-1	1.285076913E0	3.134671618E-2
8.600000000E-1	1.304064576E0	3.083969512E-2
8.700000000E-1	1.323053939E0	3.017824967E-2
8.800000000E-1	1.342116648E0	2.956552471E-2
8.900000000E-1	1.360970594E0	2.880611908E-2
