mass_A
t	x	y
0.000000000E0	3.952414043E-4	6.507154018E-1
1.000000000E-2	3.182199818E-3	6.432981312E-1
2.000000000E-2	3.103560145E-3	6.359850825E-1
3.000000000E-2	3.260306126E-3	6.278005293E-1
4.000000000E-2	4.356194920E-3	6.184417643E-1
5.000000000E-2	5.613282128E-3	6.078401012E-1
6.000000000E-2	6.947393498E-3	5.961012847E-1
7.000000000E-2	7.885297681E-3	5.838017356E-1
8.000000000E-2	9.369498563E-3	5.705474812E-1
9.000000000E-2	1.022838591E-2	5.564561494E-1
1.000000000E-1	1.169362032E-2	5.416862062E-1
1.100000000E-1	1.339651195E-2	5.254573090E-1
1.200000000E-1	1.490845737E-2	5.079699655E-1
1.300000000E-1	1.669790616E-2	4.900576852E-1
1.400000000E-1	1.878588027E-2	4.716652896E-1
1.500000000E-1	2.013874306E-2	4.533347249E-1
1.600000000E-1	2.240020947E-2	4.330658911E-1
1.700000000E-1	2.550252045E-2	4.123477207E-1
1.800000000E-1	2.911491627E-2	3.907585782E-1
1.900000000E-1	3.286187082E-2	3.686172266E-1
2.000000000E-1	3.770398451E-2	3.458913317E-1
2.100000000E-1	4.374122962E-2	3.225936730E-1
2.200000000E-1	5.039228311E-2	2.991253055E-1
2.300000000E-1	5.888463045E-2	2.758068547E-1
2.400000000E-1	6.855809078E-2	2.521809526E-1
2.500000000E-1	7.967629350E-2	2.288968381E-1
2.600000000E-1	9.254754725E-2	2.065656575E-1
2.700000000E-1	1.069686310E-1	1.849233012E-1
2.800000000E-1	1.233110846E-1	1.638734572E-1
2.900000000E-1	1.409933402E-1	1.438872725E-1
3.000000000E-1	1.605469737E-1	1.258617029E-1
3.100000000E-1	1.813603452E-1	1.096006383E-1
3.200000000E-1	2.022203582E-1	9.478946532E-2
3.300000000E-1	2.247768610E-1	8.238449279E-2
3.400000000E-1	2.480283274E-1	7.163017499E-2
3.500000000E-1	2.713486808E-1	6.263211345E-2
3.600000000E-1	2.948524486E-1	5.529778640E-2
3.700000000E-1	3.184826511E-1	4.960573995E-2
3.800000000E-1	3.420338570E-1	4.514384744E-2
3.900000000E-1	3.656183352E-1	4.207418919E-2
4.000000000E-1	3.882923051E-1	4.031033736E-2
4.100000000E-1	4.100514207E-1	3.816217054E-2
4.200000000E-1	4.325169206E-1	3.689433724E-2
4.300000000E-1	4.541452258E-1	3.630133643E-2
4.400000000E-1	4.756003533E-1	3.591287568E-2
4.500000000E-1	4.969798289E-1	3.548811137E-2
4.600000000E-1	5.180761980E-1	3.554113083E-2
4.700000000E-1	5.385467203E-1	3.622290766E-2
4.800000000E-1	5.589716284E-1	3.653985442E-2
4.900000000E-1	5.790522319E-1	3.879651797E-2
5.000000000E-1	5.988083820E-1	3.664534135E-2
5.100000000E-1	6.196414765E-1	3.637680149E-2
5.200000000E-1	6.396597646E-1	3.637759983E-2
5.300000000E-1	6.598003934E-1	3.633188772E-2
5.400000000E-1	6.797228605E-1	3.644618097E-2
5.500000000E-1	6.994624476E-1	3.645770907E-2
5.600000000E-1	7.194253165E-1	3.641860740E-2
5.700000000E-1	7.391372119E-1	3.616533339E-2
5.800000000E-1	7.593097642E-1	3.627142767E-2
5.900000000E-1	7.789070247E-1	3.799119381E-2
6.000000000E-1	7.981344998E-1	3.641341131E-2
6.100000000E-1	8.177195182E-1	3.637768327E-2
6.200000000E-1	8.375006225E-1	3.630389160E-2
6.300000000E-1	8.570830812E-1	3.619327250E-2
6.400000000E-1	8.765687252E-1	3.635005788E-2
6.500000000E-1	8.965006904E-1	3.636660282E-2
6.600000000E-1	9.159566979E-1	3.640317310E-2
6.700000000E-1	9.348932043E-1	3.644288217E-2
6.800000000E-1	9.545347903E-1	3.659540314E-2
6.900000000E-1	9.739687865E-1	3.679315934E-2
7.000000000E-1	9.932184119E-1	3.642013166E-2
7.100000000E-1	1.012533092E0	3.619624369E-2
7.200000000E-1	1.031693675E0	3.650976567E-2
7.300000000E-1	1.050548987E0	3.661659273E-2
7.400000000E-1	1.069394790E0	3.665755897E-2
7.500000000E-1	1.088208646E0	3.661703482E-2
7.600000000E-1	1.107388737E0	3.650299251E-2
7.700000000E-1	1.126546026E0	3.652880942E-2
7.800000000E-1	1.145501982E0	3.636848824E-2
7.900000000E-1	1.164767743E0	3.619080450E-2
8.000000000E-1	1.183019487E0	3.589939404E-2
8.100000000E-1	1.201829217E0	3.459857985E-2
8.200000000E-1	1.220437594E0	3.381938173E-2
8.300000000E-1	1.239414392E0	3.307940225E-2
8.400000000E-1	1.258156274E0	3.249032532E-2
8.500000000E-1	1.276890645E0	3.178507949E-2
8.600000000E-1	1.295204529E0	3.114188887E-2
8.700000000E-1	1.313932690E0	3.034791345E-2
8.800000000E-1	1.332717503E0	2.979518867E-2
8.900000000E-1	1.351393253E0	2.946015312E-2
9.000000000E-1	1.370836790E0	2.935654052E-2
