mass_A
t	x	y
0.000000000E0	6.080636990E-5	6.533908821E-1
1.000000000E-2	1.451372487E-3	6.468043533E-1
2.000000000E-2	1.802523698E-3	6.399531388E-1
3.000000000E-2	2.301221616E-3	6.318430525E-1
4.000000000E-2	3.364982094E-3	6.229455007E-1
5.000000000E-2	4.321461102E-3	6.131101474E-1
6.000000000E-2	5.567197221E-3	6.020728153E-1
7.000000000E-2	6.783868852E-3	5.900867910E-1
8.000000000E-2	8.191447132E-3	5.772168385E-1
9.000000000E-2	9.569751695E-3	5.634862439E-1
1.000000000E-1	1.093451937E-2	5.490553673E-1
1.100000000E-1	1.228435588E-2	5.334442366E-1
1.200000000E-1	1.366551579E-2	5.166506093E-1
1.300000000E-1	1.560434962E-2	4.987491686E-1
1.400000000E-1	1.754627524E-2	4.806885859E-1
1.500000000E-1	1.924212361E-2	4.623789019E-1
1.600000000E-1	2.140371165E-2	4.434009660E-1
1.700000000E-1	2.351653590E-2	4.226003000E-1
1.800000000E-1	2.662494065E-2	4.010172423E-1
1.900000000E-1	3.004748123E-2	3.789211015E-1
2.000000000E-1	3.437126726E-2	3.563088286E-1
2.100000000E-1	3.988905208E-2	3.332002533E-1
2.200000000E-1	4.583909245E-2	3.096465882E-1
2.300000000E-1	5.345440770E-2	2.860287629E-1
2.400000000E-1	6.270484112E-2	2.623982284E-1
2.500000000E-1	7.334552928E-2	2.388137892E-1
2.600000000E-1	8.553333672E-2	2.158030173E-1
2.700000000E-1	9.931612169E-2	1.934791914E-1
2.800000000E-1	1.147967294E-1	1.720463825E-1
2.900000000E-1	1.318725486E-1	1.517975251E-1
3.000000000E-1	1.506413962E-1	1.328740031E-1
3.100000000E-1	1.717870673E-1	1.158270160E-1
3.200000000E-1	1.922384754E-1	1.011347552E-1
3.300000000E-1	2.142310791E-1	8.702607757E-2
3.400000000E-1	2.377374800E-1	7.545331501E-2
3.500000000E-1	2.610809443E-1	6.577061386E-2
3.600000000E-1	2.849612937E-1	5.795537631E-2
3.700000000E-1	3.088832334E-1	5.149540072E-2
3.800000000E-1	3.324576907E-1	4.692793208E-2
3.900000000E-1	3.557025588E-1	4.340218350E-2
4.000000000E-1	3.790562676E-1	4.262864885E-2
4.100000000E-1	4.009458819E-1	3.917624560E-2
4.200000000E-1	4.239536252E-1	3.767535908E-2
4.300000000E-1	4.460402499E-1	3.692088695E-2
4.400000000E-1	4.680086321E-1	3.656009217E-2
4.500000000E-1	4.894728641E-1	3.646637299E-2
4.600000000E-1	5.103297637E-1	3.658639622E-2
4.700000000E-1	5.306846634E-1	3.679135594E-2
4.800000000E-1	5.511951678E-1	3.674744049E-2
4.900000000E-1	5.717107185E-1	3.841503044E-2
5.000000000E-1	5.921329775E-1	3.698920312E-2
5.100000000E-1	6.128863850E-1	3.672894803E-2
5.200000000E-1	6.330795694E-1	3.678330814E-2
5.300000000E-1	6.530232896E-1	3.665574928E-2
5.400000000E-1	6.731588777E-1	3.651837840E-2
5.500000000E-1	6.932884600E-1	3.644975849E-2
5.600000000E-1	7.135236503E-1	3.642868244E-2
5.700000000E-1	7.335208633E-1	3.643131972E-2
5.800000000E-1	7.537205694E-1	3.639894782E-2
5.900000000E-1	7.731619473E-1	3.700522867E-2
6.000000000E-1	7.930267036E-1	3.617700657E-2
6.100000000E-1	8.132728106E-1	3.605606266E-2
6.200000000E-1	8.334042329E-1	3.622727230E-2
6.300000000E-1	8.534100303E-1	3.628852334E-2
6.400000000E-1	8.730073876E-1	3.638396943E-2
6.500000000E-1	8.928319347E-1	3.644737504E-2
6.600000000E-1	9.123656895E-1	3.639711497E-2
6.700000000E-1	9.318611698E-1	3.645184484E-2
6.800000000E-1	9.520267804E-1	3.638097691E-2
6.900000000E-1	9.722410933E-1	3.661365131E-2
7.000000000E-1	9.913108702E-1	3.652574247E-2
7.100000000E-1	1.010924135E0	3.649980737E-2
7.200000000E-1	1.030121302E0	3.656113687E-2
7.300000000E-1	1.049572848E0	3.641478452E-2
7.400000000E-1	1.069078394E0	3.651587010E-2
7.500000000E-1	1.088710178E0	3.650665980E-2
7.600000000E-1	1.108124754E0	3.649470502E-2
7.700000000E-1	1.127071912E0	3.664179982E-2
7.800000000E-1	1.146233419E0	3.638590672E-2
7.900000000E-1	1.165718242E0	3.554088999E-2
8.000000000E-1	1.184730697E0	3.567761241E-2
8.100000000E-1	1.204153803E0	3.413645285E-2
8.200000000E-1	1.223939585E0	3.313763279E-2
8.300000000E-1	1.242745017E0	3.260406184E-2
8.400000000E-1	1.261781217E0	3.189453949E-2
8.500000000E-1	1.280527349E0	3.126488070E-2
8.600000000E-1	1.299544001E0	3.019485561E-2
8.700000000E-1	1.318417526E0	2.965169661E-2
8.800000000E-1	1.338429980E0	2.887278263E-2
8.900000000E-1	1.357422821E0	2.809197766E-2
